1       3           0.27295
1       6           0.14322
1       9           0.10469
1       12          0.06876
1       15          0.04114
1       18          0.02304
1       21          0.01216
1       24          0.00620
1       27          0.00308
1       30          0.00146

10      3           0.37112
10      6           0.31405
10      9           0.23617
10      12          0.15950
10      15          0.09782
10      18          0.05569
10      21          0.02979
10      24          0.01523
10      27          0.00755
10      30          0.00366

0.1     3           0.35978
0.1     6           0.09973
0.1     9           0.05597
0.1     12          0.01754
0.1     15          0.00708
0.1     18          0.00246
0.1     21          0.00091
0.1     24          0.00027
0.1     27          0.00009
0.1     30          0.00006